2

3001

2003

1009

1013

2011

3

3011

5

2017

1019

2027

7

3019

11

2029

1021

2039

13

3023

17

2053

1031

2063

19

3037

23

2069

1033

2081

29

3041

31

2083

1039

2087

37

3049

41

2089

1049

2099

43

3061

47

2111

1051

2113

53

3067

59

2129

1061

2131

61

3079

67

2137

1063

2141

71

3083

73

2143

1069

2153

79

3089

83

2161

1087

2179

89

3109

97

2203

1091

2207

101

3119

103

2213

1093

2221

107

3121

109

2237

1097

2239

113

3137

127

2243

1103

2251

131

3163

137

2267

1109

2269

139

3167

149

2273

1117

2281

151

3169

157

2287

1123

2293

163

3181

167

2297

1129

2309

173

3187

179

2311

1151

2333

181

3191

191

2339

1153

2341

193

3203

197

2347

1163

2351

199

3209

211

2357

1171

2371

223

3217

227

2377

1181

2381

229

3221

233

2383

1187

2389

239

3229

241

2393

1193

2399

251

3251

257

2411

1201

2417

263

3253

269

2423

1213

2437

271

3257

277

2441

1217

2447

281

3259

283

2459

1223

2467

293

3271

307

2473

1229

2477

311

3299

313

2503

1231

2521

317

3301

331

2531

2539

1237

2543

337

3307

347

2549

1249

2551

349

3313

353

2557

1259

2579

359

3319

367

2591

1277

2593

373

3323

379

2609

1279

2617

383

3329

389

2621

1283

2633

397

3331

401

2647

1289

2657

409

3343

419

2659

1291

2663

421

3347

431

2671

1297

2677

433

3359

439

2683

1301

2687

443

3361

449

2689

1303

2693

457

3371

461

2699

1307

2707

463

3373

467

2711

1319

2713

479

3389

487

2719

1321

2729

491

3391

499

2731

1327

2741

503

3407

509

2749

1361

2753

521

3413

523

2767

1367

2777

541

3433

547

2789

1373

2791

557

3449

563

2797

1381

2801

569

3457

571

2803

1399

2819

577

3461

587

2833

1409

2837

593

3463

599

2843

1423

2851

601

3467

607

2857

1427

2861

613

3469

617

2879

1429

2887

619

3491

631

2897

1433

2903

641

3499

643

2909

1439

2917

647

3511

653

2927

1447

2939

659

3517

661

2953

1451

2957

673

3527

677

2963

1453

2969

683

3529

691

2971

1459

2999

701

3533

709

1471

719

3539

727

1481

733

3541

739

1483

743

3547

751

1487

757

3557

761

1489

769

3559

773

1493

787

3571

797

1499

809

3581

811

1511

821

3583

823

1523

827

3593

829

1531

839

3607

853

1543

857

3613

859

1549

863

3617

877

1553

881

3623

883

1559

887

3631

907

1567

911

3637

919

1571

929

3643

937

1579

941

3659

947

1583

953

3671

967

1597

971

3673

977

1601

983

3677

991

1607

997

3691

1609

3697

1613

3701

1619

3709

1621

3719

1627

3727

1637

3733

1657

3739

1663

3761

1667

3767

1669

3769

1693

3779

1697

3793

1699

3797

1709

3803

1721

3821

1723

3823

1733

3833

1741

3847

1747

3851

1753

3853

1759

3863

1777

3877

1783

3881

1787

3889

1789

3907

1801

3911

1811

3917

1823

3919

3923

1831

3929

1847

3931

1861

3943

1867

3947

1871

3967

1873

3989

1877

1879

1889

1901

1907

1913

1931

1933

1949

1951

1973

1979

1987

1993

1997

1999

2

1009

3001

2003

2011

3011

1013

3

1019

3019

2017

3023

1021

5

1031

3037

2027

3041

1033

7

1039

3049

2029

3061

1049

11

1051

3067

2039

3079

1061

13

1063

3083

2053

3089

1069

17

1087

3109

2063

3119

1091

19

1093

3121

2069

3137

1097

23

1103

3163

2081

3167

1109

29

1117

3169

2083

3181

1123

31

1129

3187

2087

3191

1151

37

1153

3203

2089

3209

1163

41

1171

3217

2099

3221

1181

43

1187

3229

2111

3251

1193

47

1201

3253

2113

3257

1213

53

1217

3259

2129

3271

1223

59

1229

3299

2131

3301

1231

61

1237

3307

2137

3313

1249

67

1259

3319

2141

3323

1277

71

1279

3329

2143

3331

1283

73

1289

3343

2153

3347

1291

79

1297

3359

2161

3361

1301

83

1303

3371

2179

3373

1307

89

1319

3389

2203

3391

1321

97

1327

3407

2207

3413

1361

101

1367

3433

2213

3449

1373

103

1381

3457

2221

3461

1399

107

1409

3463

2237

3467

1423

109

1427

3469

2239

3491

1429

113

1433

3499

2243

3511

1439

127

1447

3517

2251

3527

1451

131

1453

3529

2267

3533

1459

137

1471

3539

2269

3541

1481

139

1483

3547

2273

3557

1487

149

1489

3559

2281

3571

1493

151

1499

3581

2287

3583

1511

157

1523

3593

2293

3607

1531

163

1543

3613

2297

3617

1549

167

1553

3623

2309

3631

1559

173

1567

3637

2311

3643

1571

179

1579

3659

2333

3671

1583

181

1597

3673

2339

3677

1601

191

1607

3691

2341

3697

1609

193

1613

3701

2347

3709

1619

197

1621

3719

2351

3727

1627

199

1637

3733

2357

3739

1657

211

1663

3761

2371

3767

1667

223

1669

3769

2377

3779

1693

227

1697

3793

2381

3797

1699

229

1709

3803

2383

3821

1721

233

1723

3823

2389

3833

1733

239

1741

3847

2393

3851

1747

241

1753

3853

2399

3863

1759

251

1777

3877

2411

3881

1783

257

1787

3889

2417

3907

1789

263

1801

3911

2423

3917

1811

269

1823

3919

2437

3923

1831

271

1847

3929

2441

3931

1861

277

1867

3943

2447

3947

1871

281

1873

3967

2459

3989

1877

283

1879

2467

1889

293

1901

2473

1907

307

1913

2477

1931

311

1933

2503

1949

313

1951

2521

1973

317

1979

2531

1987

331

1993

2539

1997

337

1999

2543

347

2549

349

2551

353

2557

359

2579

367

2591

373

2593

379

2609

383

2617

389

2621

397

2633

401

2647

409

2657

419

2659

421

2663

431

2671

433

2677

439

2683

443

2687

449

2689

457

2693

461

2699

463

2707

467

2711

479

2713

487

2719

491

2729

499

2731

503

2741

509

2749

521

2753

523

2767

541

2777

547

2789

557

2791

563

2797

569

2801

571

2803

577

2819

587

2833

593

2837

599

2843

601

2851

607

2857

613

2861

617

2879

619

2887

631

2897

641

2903

643

2909

647

2917

653

2927

659

2939

661

2953

673

2957

677

2963

683

2969

691

2971

701

2999

709

719

727

733

739

743

751

757

761

769

773

787

797

809

811

821

823

827

829

839

853

857

859

863

877

881

883

887

907

911

919

929

937

941

947

953

967

971

977

983

991

997

3001

2003

1009

3

1013

1019

5

7

3011

2011

3019

11

1021

13

3023

2017

3037

17

1031

19

3041

2027

3049

23

1033

29

3061

3067

2029

3079

31

1039

37

3083

2039

3089

41

1049

43

3109

2053

3119

47

1051

53

3121

2063

3137

59

1061

61

3163

2069

3167

67

1063

71

3169

2081

3181

73

1069

79

3187

2083

3191

83

1087

89

3203

2087

3209

97

1091

101

3217

2089

3221

103

1093

107

3229

2099

3251

109

1097

113

3253

2111

3257

127

1103

131

3259

2113

3271

137

1109

139

3299

2129

3301

149

1117

151

3307

2131

3313

157

1123

163

3319

2137

3323

167

1129

173

3329

2141

3331

179

1151

181

3343

2143

3347

191

1153

193

3359

2153

3361

197

1163

1171

1181

199

211

223

3371

2161

3373

227

1187

229

3389

2179

3391

233

1193

1201

239

3407

2203

3413

241

1213

251

3433

2207

3449

257

1217

263

3457

2213

3461

269

1223

271

3463

2221

3467

277

1229

281

3469

2237

3491

3499

283

1231

293

3511

2239

3517

307

1237

311

3527

2243

3529

313

1249

317

3533

2251

3539

331

1259

337

3541

2267

3547

347

1277

349

3557

2269

3559

353

1279

359

3571

2273

2281

3581

367

1283

373

3583

2287

3593

3607

379

1289

383

3613

2293

3617

3623

389

1291

397

3631

3637

3643

3659

3671

2297

3673

401

1297

409

3677

2309

3691

3697

419

1301

421

3701

2311

3709

431

1303

433

3719

2333

3727

439

1307

443

3733

3739

2339

3761

449

1319

457

3767

2341

3769

461

1321

463

3779

2347

3793

467

1327

479

3797

2351

3803

487

1361

491

3821

2357

2371

2377

3823

499

1367

503

3833

3847

3851

3853

2381

3863

509

1373

1381

521

3877

3881

2383

3889

523

1399

541

3907

2389

3911

547

1409

557

3917

2393

3919

563

1423

569

3923

2399

3929

571

1427

577

3931

2411

3943

587

1429

593

3947

2417

3967

599

1433

601

3989

2423

607

1439

613

2437

617

1447

619

2441

631

1451

641

2447

643

1453

647

2459

2467

653

1459

659

2473

661

1471

673

2477

677

1481

683

2503

691

1483

701

2521

709

1487

719

2531

727

1489

733

2539

739

1493

743

2543

751

1499

1511

757

2549

761

1523

769

2551

773

787

1531

797

2557

809

1543

811

2579

2591

821

1549

823

2593

827

1553

829

2609

839

1559

853

2617

857

1567

859

2621

863

1571

877

881

883

2633

887

1579

907

2647

911

1583

919

2657

2659

929

1597

937

2663

941

1601

1607

947

2671

953

1609

967

2677

2683

2687

2689

971

1613

977

2693

983

1619

991

2699

2707

997

1621

2711

2713

1627

1637

2719

2729

2731

2741

1657

2749

2753

1663

1667

2767

2777

1669

1693

2789

2791

1697

1699

2797

2801

1709

1721

2803

2819

1723

1733

2833

1741

1747

1753

2837

2843

1759

2851

1777

2857

2861

1783

1787

1789

1801

2879

1811

2887

2897

2903

1823

1831

2909

2917

1847

1861

2927

2939

1867

2953

2957

1871

1873

2963

2969

1877

1879

2971

2999

1889

1901

1907

1913

1931

1933

1949

1951

1973

1979

1987

1993

1997

1999

